<!DOCTYPE html>
<html lang="en">
<head>
    <meta charset="UTF-8">
    <meta name="viewport" content="width=device-width, initial-scale=1.0">
    <title>Document</title>
</head>
<body>
    <p>01101000 01110100 01110100 01110000 01110011 00111010 00101111 00101111 01110111 01110111 01110111 00101110 01110010 01101111 01100010 01101100 01101111 01111000 00101110 01100011 01101111 01101101 00101111 01100101 01110011 00101111 01100111 01100001 01101101 01100101 01110011 00101111 00111001 00110001 00110000 00110001 00111000 00110000 00110111 00110100 00110101 00110100 00110011 00110000 00110011 00110100 00101111 01100101 01100101 01100101 01100101 01100101 01100101 01100101 01100101 01100101 01100101 01100101 01100101 01100101 01100101</p>
</body>
</html>
